0 144.000000
1 124.441288
2 142.216508
3 158.881255
4 154.178645
5 166.351589
6 142.710638
7 140.170553
8 125.184204
9 137.976498
10 119.426970
11 125.970150
12 134.021204
13 134.021204
14 143.966437
15 138.728170
16 138.728170
17 156.304775
18 177.612345
19 159.600287
20 159.600287
21 137.114828
22 120.404221
23 129.009359
24 130.726497
25 111.154101
26 113.779016
27 102.522319
28 96.174420
29 101.403819
30 122.032878
31 122.032878
32 122.032878
33 123.502810
34 117.472952
35 102.407695
36 93.695978
37 83.336431
38 83.503875
39 102.777404
40 88.207168
41 101.964135
42 92.447433
43 94.209617
44 94.209617
45 106.334436
46 121.632040
47 130.565972
48 123.907590
49 132.391182
50 125.543276
51 125.974843
52 118.112244
53 99.072565
54 109.653449
55 96.792216
56 79.501068
57 94.769332
58 84.601818
59 100.328575
60 94.737787
61 105.220133
62 110.078594
63 122.567738
64 113.294816
65 117.264983
66 102.388103
67 107.493218
68 107.493218
69 93.771232
70 83.368741
71 77.143655
72 83.138820
73 88.635464
74 86.272218
75 80.179167
76 94.896995
77 85.121365
78 88.158328
79 75.557339
80 91.140817
81 91.140817
82 98.257333
83 108.763528
84 109.097273
85 125.002318
86 147.161650
87 137.043121
88 159.040932
89 159.611856
90 143.058472
91 128.571326
92 128.571326
93 134.346572
94 147.026491
95 147.130888
96 162.510052
97 151.293305
98 170.299649
99 157.235974
100 160.145156
101 135.974839
102 143.250422
103 136.331039
104 137.345970
105 129.445409
106 146.341565
107 135.948867
108 129.311443
109 140.880826
110 141.802305
111 141.167822
112 136.132547
113 139.133369
114 123.572365
115 131.050982
116 131.477728
117 150.580044
118 143.292695
119 141.850324
120 120.349556
121 138.892149
122 117.755711
123 120.435018
124 115.517989
125 98.288774
126 98.507515
127 116.877702
128 139.360795
129 138.983718
130 141.678844
131 138.366730
132 117.723037
133 105.527738
134 105.527738
135 100.323142
136 106.823088
137 123.157255
138 143.515191
139 142.759024
140 138.531493
141 147.942333
142 156.309996
143 179.785545
144 159.808718
145 137.210788
146 148.238668
147 172.485876
148 190.225298
149 216.798555
150 193.663846
151 187.915417
152 184.087853
153 173.785627
154 168.029735
155 153.819674
156 162.837006
157 150.748411
158 153.720749
159 139.187613
160 126.588288
161 134.276831
162 154.613522
163 143.873685
164 151.309921
165 151.579942
166 130.184558
167 118.427610
168 122.907509
169 132.406674
170 123.625505
171 131.583995
172 127.128614
173 108.562796
174 98.294534
175 106.778445
176 105.435027
177 100.912392
178 101.381005
179 120.266892
180 139.664734
181 133.313965
182 134.992938
183 131.485811
184 146.399662
185 143.366223
186 134.963539
187 135.965453
188 138.693965
189 139.358420
190 141.960814
191 163.939821
192 150.015754
193 127.271659
194 132.745896
195 131.767169
196 113.504411
197 105.974748
198 105.974748
199 96.683471
200 104.143285
201 101.901196
202 84.549529
203 76.488486
204 78.023294
205 64.266098
206 57.877971
207 71.069919
208 82.164848
209 82.164848
210 97.757803
211 97.577182
212 106.935360
213 106.935360
214 94.948198
215 94.480699
216 110.047430
217 113.234877
218 120.616661
219 119.502573
220 113.324191
221 98.035375
222 115.347461
223 111.230334
224 109.675376
225 126.231535
226 138.119992
227 158.002839
228 142.796125
229 161.568873
230 141.932948
231 124.443704
232 103.607839
233 117.597103
234 134.641094
235 134.985989
236 143.066399
237 143.066399
238 160.728935
239 153.277589
240 139.500852
241 137.610039
242 127.059870
243 132.635041
244 143.618746
245 136.901520
246 136.539993
247 127.183755
248 116.887186
249 98.949350
250 98.400223
251 84.912357
252 88.044051
253 79.569128
254 83.026752
255 85.757722
256 75.227488
257 61.416613
258 61.416613
259 54.403211
260 63.174345
261 51.898509
262 41.476467
263 31.943571
264 28.496513
265 30.184649
266 41.281254
267 31.870757
268 31.178118
269 38.220054
270 45.065705
271 49.757522
272 42.008064
273 35.886732
274 44.471866
275 54.311925
276 42.025953
277 37.634619
278 36.797329
279 28.543990
280 21.910840
281 19.077650
282 17.500436
283 25.948553
284 26.680949
285 20.911399
286 28.415666
287 30.152921
288 21.864068
289 25.571286
290 34.106082
291 24.979516
292 24.979516
293 21.707060
294 16.017131
295 11.819479
296 7.713110
297 9.515629
298 8.658810
299 11.310835
300 17.242233
301 18.312665
302 14.379533
303 14.665902
304 19.480768
305 20.189295
306 15.842209
307 10.370382
308 10.568139
309 14.991230
310 11.067591
311 6.419110
312 11.216559
313 6.162934
314 3.838368
315 2.798179
316 1.542551
317 1.119250
318 0.006247
319 0.046223
320 0.051379
321 0.475664
322 0.096914
323 1.563595
324 3.646716
325 4.602111
326 8.042545
327 10.026525
328 14.246655
329 18.716206
330 14.314225
331 20.629406
332 19.094240
333 27.685007
334 33.674695
335 26.798432
336 32.937835
337 22.912256
338 22.951478
339 28.103883
340 31.189449
341 40.694001
342 29.593482
343 29.921318
344 38.707402
345 40.173453
346 42.951680
347 46.073638
348 54.227278
349 62.823998
350 61.006521
351 62.895809
352 68.498355
353 77.159255
354 86.961412
355 90.249108
356 83.807081
357 74.178697
358 65.840047
359 57.203343
360 63.425546
361 71.287050
362 60.170144
363 61.521850
364 78.138825
365 85.788970
366 81.820904
367 81.798790
368 68.340831
369 57.947879
370 64.240607
371 71.919618
372 62.937568
373 62.292984
374 60.033927
375 59.502099
376 52.046224
377 57.481096
378 66.161808
379 59.788811
380 46.052063
381 39.153276
382 52.654121
383 67.347577
384 66.202046
385 66.803649
386 65.598453
387 71.205211
388 57.673223
389 45.112406
390 58.180256
391 50.344495
392 54.894472
393 69.595424
394 86.133409
395 96.000304
396 103.858482
397 104.762807
398 102.857079
399 116.304398
400 124.590692
401 138.709074
402 134.678881
403 124.333464
404 110.569158
405 96.677182
406 106.167498
407 110.949855
408 129.033424
409 107.435680
410 93.294734
411 83.049476
412 92.248798
413 94.487193
414 96.828313
415 84.163376
416 75.461696
417 84.720085
418 93.366736
419 93.769098
420 109.934652
421 91.356502
422 93.845663
423 86.598892
424 86.598892
425 70.486332
426 73.846061
427 86.683753
428 72.043205
429 84.836907
430 78.186972
431 82.023514
432 96.121483
433 89.652970
434 78.304671
435 77.918668
436 81.078016
437 69.901138
438 63.938624
439 53.554184
440 59.216525
441 46.494192
442 34.319442
443 36.294179
444 42.957291
445 39.702467
446 39.702467
447 52.498092
448 61.418515
449 54.588167
450 59.331414
451 62.184536
452 75.974172
453 79.018030
454 84.643267
455 97.462774
456 87.979431
457 75.470125
458 75.470125
459 82.593049
460 100.245212
461 98.392389
462 107.603096
463 121.595613
464 105.123706
465 117.752914
466 136.160578
467 153.391247
468 149.763629
469 147.310631
470 163.776111
471 185.705202
472 190.594867
473 190.161391
474 186.057465
475 168.741173
476 181.757437
477 206.276394
478 193.795597
479 208.972905
480 212.620754
481 205.517153
482 219.426112
483 219.426112
484 240.472967
485 256.886850
486 238.835668
487 228.206386
488 231.650957
489 211.197085
490 234.992843
491 239.483388
492 218.210025
493 193.265605
494 216.898722
495 235.599521
496 221.303358
497 221.245028
498 237.669037
499 216.531481
500 206.866236
501 192.837537
502 194.307832
503 183.302377
504 172.583174
505 195.586140
506 204.308877
507 191.773022
508 212.672254
509 232.605733
510 212.715411
511 226.495032
512 241.145973
513 226.275687
514 244.974232
515 250.009094
516 257.946920
517 233.775687
518 227.436129
519 250.585383
520 265.331073
521 265.331073
522 260.535956
523 234.690912
524 248.751187
525 264.348607
526 287.612009
527 282.266250
528 294.782752
529 300.822702
530 283.728010
531 272.195683
532 281.295877
533 257.127434
534 274.706752
535 291.335584
536 291.335584
537 291.335584
538 266.320176
539 267.578065
540 295.458467
541 285.719499
542 253.218156
543 225.229565
544 225.229565
545 222.705258
546 239.746571
547 263.772284
548 263.825940
549 263.825940
550 283.220774
551 267.138652
552 295.638368
553 285.033904
554 296.768963
555 281.448612
556 283.711616
557 256.087310
558 256.087310
559 225.717850
560 230.222223
561 222.266075
562 227.024962
563 215.002841
564 205.013018
565 223.572260
566 234.892500
567 237.504055
568 217.116052
569 212.639427
570 212.639427
571 239.176343
572 263.257912
573 265.898903
574 265.898903
575 239.557699
576 232.298287
577 232.298287
578 224.580053
579 249.538647
580 261.308107
581 287.718599
582 292.553985
583 317.726942
584 347.871362
585 325.235257
586 297.087115
587 312.298431
588 280.598108
589 292.305756
590 274.512537
591 278.029150
592 296.764588
593 310.450693
594 289.019582
595 261.049089
596 260.173965
597 289.006571
598 281.698820
599 265.450627
600 242.175492
601 252.555450
602 232.500168
603 216.675470
604 209.625689
605 183.740901
606 205.207259
607 210.649444
608 204.509201
609 193.909354
610 204.728249
611 233.438040
612 243.864045
613 215.629657
614 212.414648
615 220.828801
616 194.148194
617 194.148194
618 195.440402
619 182.208883
620 205.304838
621 199.269151
622 203.811672
623 207.937425
624 211.134858
625 211.134858
626 194.312831
627 210.088211
628 211.063249
629 221.305280
630 234.425684
631 207.102349
632 207.102349
633 217.768858
634 237.353889
635 224.623178
636 215.591289
637 203.145135
638 205.994727
639 195.112429
640 195.112429
641 194.209391
642 195.079972
643 170.176873
644 151.211515
645 144.388997
646 163.576257
647 145.537389
648 128.135640
649 144.337497
650 159.218583
651 150.430534
652 133.516353
653 128.443974
654 109.892463
655 128.794771
656 131.381746
657 135.472845
658 117.722316
659 134.489390
660 128.442465
661 114.403543
662 107.693610
663 96.028470
664 102.612095
665 118.137863
666 140.032713
667 144.371560
668 138.025272
669 148.502474
670 172.430986
671 172.899489
672 172.899489
673 166.171174
674 166.171174
675 188.946027
676 192.193747
677 190.076737
678 186.361501
679 168.874414
680 186.456154
681 187.148670
682 175.241731
683 168.377056
684 168.377056
685 160.745999
686 142.999989
687 146.562126
688 146.868327
689 162.975141
690 179.394236
691 194.422830
692 179.689874
693 161.193631
694 140.499360
695 126.676567
696 108.190221
697 105.497854
698 105.497854
699 122.421234
700 102.093063
701 111.450994
702 112.828325
703 95.865498
704 112.238215
705 94.660704
706 85.286710
707 97.421457
708 114.568303
709 114.568303
710 127.898619
711 109.306536
712 112.578270
713 104.393764
714 113.720918
715 113.910001
716 124.448428
717 130.980293
718 128.982272
719 136.556780
720 125.652650
721 112.428629
722 97.350789
723 91.382385
724 76.673174
725 87.894193
726 82.406562
727 87.082953
728 78.639083
729 78.639083
730 62.166699
731 70.425059
732 57.069436
733 52.086871
734 66.415941
735 52.692557
736 46.300659
737 46.300659
738 34.020814
739 26.413651
740 26.325754
741 29.540544
742 22.612668
743 14.352288
744 20.532122
745 14.652171
746 10.649621
747 10.075470
748 16.725102
749 22.118790
750 25.781316
751 26.510180
752 18.619167
753 15.160465
754 13.872208
755 9.322021
756 10.854003
757 11.510427
758 13.701606
759 14.097788
760 15.507159
761 12.811497
762 8.889849
763 5.505205
764 4.083967
765 1.359439
766 1.548994
767 0.680977
768 3.292997
769 7.068853
770 2.940483
771 3.737734
772 4.246268
773 8.875546
774 11.444874
775 11.091208
776 6.237804
777 8.082168
778 11.015725
779 13.470053
780 16.607660
781 20.519764
782 27.987751
783 38.972233
784 40.235014
785 38.089423
786 51.245326
787 43.428315
788 31.730572
789 38.796135
790 40.946600
791 30.263988
792 28.918006
793 35.402477
794 35.402477
795 44.154264
796 44.154264
797 50.660974
798 55.346103
799 62.775320
800 57.033931
801 66.664993
802 74.528057
803 85.519135
804 80.061191
805 98.793867
806 93.751194
807 105.472966
808 105.472966
809 105.764561
810 112.630131
811 104.569271
812 105.968928
813 100.579253
814 86.729623
815 86.270564
816 72.178269
817 60.975787
818 50.493304
819 51.580717
820 57.886878
821 64.282492
822 67.089819
823 53.487816
824 60.581208
825 47.581169
826 37.159446
827 37.159446
828 38.510306
829 44.405706
830 35.189894
831 32.704044
832 38.519951
833 49.861838
834 58.945773
835 58.945773
836 50.827425
837 63.172132
838 51.787049
839 55.375136
840 55.375136
841 55.375136
842 69.177117
843 62.720980
844 62.720980
845 50.232546
846 60.525930
847 71.004869
848 65.713222
849 65.713222
850 52.911062
851 49.991498
852 61.817243
853 52.928320
854 67.337015
855 55.392481
856 46.581460
857 34.566215
858 36.192483
859 39.884112
860 31.400258
861 31.991393
862 22.318390
863 21.646365
864 19.544267
865 16.739639
866 16.080821
867 10.397615
868 9.381284
869 7.149831
870 5.974561
871 3.721982
872 7.239946
873 4.370654
874 7.779427
875 8.913366
876 5.370157
877 8.564488
878 6.219223
879 6.219223
880 4.474926
881 4.401482
882 2.347966
883 6.018390
884 4.734034
885 4.619134
886 1.942587
887 1.402924
888 4.352295
889 6.489347
890 7.699168
891 7.699168
892 6.549756
893 7.574565
894 8.623622
895 9.015206
896 5.685876
897 5.685876
898 5.685876
899 10.370251
900 7.878921
901 6.892149
902 2.777103
903 1.378397
904 2.947404
905 4.830419
906 7.574725
907 6.514723
908 6.594626
909 2.545594
910 3.650605
911 0.875796
912 0.001261
913 0.018725
914 0.021681
915 0.098371
916 0.098371
917 0.116376
918 1.545322
919 3.077372
920 1.130295
921 2.609715
922 6.086679
923 3.780505
924 3.780505
925 7.864492
926 7.238252
927 3.075279
928 1.489059
929 0.177632
930 1.253087
931 0.176638
932 0.002929
933 0.829679
934 0.024213
935 0.115799
936 0.988913
937 1.187780
938 3.051655
939 0.971439
940 1.331801
941 0.706350
942 0.000160
943 0.208793
944 1.326910
945 0.424941
946 2.210675
947 4.413208
948 4.001344
949 4.001344
950 1.982750
951 2.310304
952 0.926878
953 2.219086
954 5.896802
955 5.692568
956 8.315146
957 6.713426
958 7.539211
959 7.246369
960 4.060480
961 1.659916
962 3.689980
963 3.689980
964 1.234928
965 2.670600
966 0.434936
967 0.300979
968 0.111927
969 0.213865
970 0.984105
971 0.035524
972 0.028931
973 0.061925
974 0.339663
975 1.009820
976 0.105595
977 1.560894
978 3.466988
979 4.270999
980 2.289632
981 2.086563
982 2.185728
983 2.863418
984 6.017072
985 3.924598
986 7.379747
987 4.527650
988 9.402356
989 8.690819
990 4.063233
991 3.357311
992 1.150381
993 0.520342
994 0.010269
995 1.059709
996 0.184911
997 0.038592
998 0.310331
999 0.063209
1000 1.233253
1001 1.262614
1002 0.745900
1003 3.269361
1004 2.247842
1005 2.747326
1006 1.230895
1007 0.918725
1008 1.160126
1009 2.985414
1010 0.728964
1011 0.267853
1012 0.005029
1013 0.769528
1014 1.501664
1015 0.322404
1016 0.712484
1017 0.344641
1018 1.529878
1019 2.120066
1020 2.501341
1021 1.987408
1022 1.019464
1023 0.038171
1024 0.006254
1025 0.014280
1026 0.713993
1027 0.787790
1028 1.485713
1029 2.086852
1030 1.377734
1031 0.541275
1032 1.267079
1033 1.457547
1034 3.611156
1035 0.836702
1036 0.703639
1037 0.000034
1038 0.448983
1039 1.115608
1040 1.189157
1041 0.179980
1042 1.120277
1043 1.627912
1044 5.143706
1045 5.724024
1046 10.316180
1047 16.823835
1048 11.282900
1049 8.868389
1050 12.852314
1051 13.983736
1052 9.764747
1053 8.834838
1054 4.347403
1055 2.204716
1056 5.091489
1057 1.743587
1058 4.003186
1059 6.606838
1060 12.588861
1061 8.391900
1062 5.626911
1063 6.214612
1064 3.842476
1065 1.048521
1066 0.029549
1067 0.454115
1068 0.077088
1069 0.448145
1070 0.281450
1071 0.210416
1072 0.852781
1073 0.574899
1074 0.285476
1075 0.410359
1076 0.092400
1077 0.000110
1078 0.598843
1079 1.279973
1080 1.998071
1081 0.351432
1082 0.727082
1083 0.144990
1084 1.245195
1085 2.780133
1086 0.465602
1087 1.909276
1088 5.197856
1089 5.645713
1090 6.453302
1091 8.421147
1092 4.726807
1093 3.096296
1094 1.758093
1095 0.373148
1096 2.350041
1097 0.362696
1098 1.301158
1099 2.804350
1100 0.670783
1101 0.670783
1102 0.630172
1103 0.001235
1104 0.723749
1105 0.723749
1106 0.626885
1107 1.648584
1108 1.261383
1109 3.680665
1110 6.676972
1111 12.316932
1112 9.870909
1113 5.473569
1114 8.715115
1115 5.928401
1116 8.818096
1117 6.357860
1118 6.732039
1119 2.824099
1120 6.626794
1121 11.379597
1122 11.379597
1123 11.379597
1124 17.695301
1125 19.967655
1126 19.967655
1127 21.061991
1128 21.061991
1129 14.928675
1130 13.376481
1131 11.357655
1132 8.078713
1133 5.055761
1134 9.984208
1135 16.815503
1136 21.229166
1137 23.549551
1138 22.663001
1139 29.440263
1140 28.173856
1141 28.816403
1142 25.400997
1143 29.387676
1144 24.017198
1145 20.645884
1146 17.095457
1147 9.888633
1148 8.344822
1149 12.963226
1150 9.679117
1151 15.235818
1152 17.703992
1153 18.602453
1154 13.907227
1155 7.781720
1156 11.840216
1157 16.065157
1158 13.243929
1159 14.433350
1160 9.582308
1161 7.008055
1162 4.420448
1163 6.047064
1164 6.688120
1165 8.040658
1166 10.344820
1167 10.344820
1168 14.200843
1169 11.586756
1170 14.048832
1171 21.977454
1172 29.184153
1173 21.786205
1174 29.616753
1175 37.127937
1176 37.127937
1177 31.302981
1178 37.641160
1179 38.299004
1180 50.749135
1181 52.511044
1182 42.683923
1183 39.220881
1184 28.263089
1185 19.744724
1186 14.360907
1187 8.809482
1188 13.303094
1189 11.981089
1190 12.144384
1191 10.489464
1192 9.680826
1193 7.595599
1194 4.666497
1195 5.281723
1196 9.024710
1197 14.175341
1198 14.717785
1199 16.400564
1200 19.059139
1201 24.511357
1202 18.339227
1203 12.535599
1204 10.116864
1205 10.507995
1206 9.053722
1207 11.668492
1208 8.194007
1209 12.896000
1210 16.493414
1211 9.730537
1212 6.062171
1213 7.649227
1214 10.539649
1215 5.831099
1216 2.838080
1217 4.701538
1218 6.297878
1219 6.575521
1220 6.897841
1221 4.852499
1222 6.855124
1223 6.016357
1224 2.275130
1225 4.684818
1226 3.949392
1227 4.204039
1228 5.381654
1229 5.111216
1230 4.001488
1231 6.007349
1232 6.417752
1233 8.969007
1234 6.109628
1235 9.619627
1236 16.500911
1237 10.474135
1238 15.548318
1239 16.880830
1240 15.195358
1241 15.195358
1242 18.342414
1243 12.408546
1244 12.697458
1245 13.147767
1246 15.884765
1247 15.062628
1248 10.122613
1249 10.583811
1250 12.623493
1251 13.346285
1252 11.359360
1253 15.583565
1254 20.229323
1255 28.727355
1256 31.408915
1257 30.186277
1258 20.318763
1259 21.949779
1260 15.075623
1261 11.866932
1262 13.345819
1263 18.114157
1264 22.621017
1265 16.378397
1266 23.806647
1267 19.986428
1268 19.136007
1269 18.686522
1270 27.184569
1271 18.168926
1272 15.325455
1273 21.993723
1274 22.401142
1275 23.977263
1276 24.463663
1277 27.450618
1278 21.725039
1279 17.070913
1280 13.710341
1281 11.036359
1282 11.255303
1283 11.639651
1284 9.749253
1285 7.178451
1286 4.087086
1287 4.093370
1288 3.872276
1289 6.557576
1290 11.928024
1291 7.865116
1292 7.865116
1293 3.725820
1294 6.238188
1295 8.693449
1296 4.134550
1297 2.351946
1298 2.798684
1299 1.237497
1300 2.800363
1301 2.835794
1302 2.451127
1303 1.837554
1304 2.536754
1305 4.382163
1306 8.720501
1307 4.563155
1308 3.765323
1309 1.072481
1310 2.285029
1311 4.371662
1312 2.991528
1313 5.978775
1314 2.726801
1315 2.391415
1316 3.801778
1317 3.724228
1318 3.724228
1319 1.658916
1320 0.398327
1321 1.609535
1322 2.632085
1323 2.927504
1324 3.118922
1325 5.809746
1326 3.519192
1327 1.045387
1328 1.112260
1329 0.087788
1330 0.038216
1331 0.595399
1332 0.011374
1333 0.082650
1334 0.999789
1335 2.459732
1336 0.670959
1337 0.166112
1338 0.034992
1339 1.025840
1340 3.804881
1341 8.569229
1342 10.294728
1343 13.276262
1344 18.618542
1345 20.252509
1346 22.336823
1347 26.347217
1348 23.607231
1349 27.380169
1350 28.020172
1351 26.196651
1352 29.884405
1353 32.753444
1354 27.710182
1355 24.324604
1356 20.848488
1357 15.466707
1358 11.359872
1359 8.656719
1360 14.230305
1361 21.488470
1362 26.166151
1363 30.945254
1364 24.409922
1365 20.917430
1366 23.633289
1367 22.201805
1368 19.417231
1369 20.050322
1370 12.575940
1371 8.444551
1372 6.466836
1373 2.532033
1374 3.153423
1375 2.610739
1376 1.116677
1377 1.169769
1378 1.417198
1379 3.756597
1380 1.366162
1381 3.050750
1382 0.706495
1383 0.280514
1384 0.941497
1385 0.011443
1386 0.090828
1387 0.282808
1388 0.024974
1389 0.213463
1390 0.008640
1391 0.010680
1392 0.008453
1393 0.549681
1394 2.995240
1395 5.114502
1396 4.431618
1397 4.068149
1398 6.533600
1399 4.909096
1400 5.296184
1401 2.367632
1402 2.513363
1403 2.285627
1404 0.998298
1405 0.047703
1406 0.079266
1407 1.615106
1408 1.511286
1409 2.535853
1410 4.515772
1411 3.147412
1412 0.901198
1413 0.316016
1414 0.001985
1415 0.007986
1416 0.621224
1417 0.571302
1418 0.373373
1419 0.091378
1420 0.534113
1421 0.056397
1422 0.800373
1423 0.010063
1424 0.038370
1425 0.004062
1426 0.016227
1427 0.458778
1428 0.068330
1429 1.521287
1430 2.115221
1431 2.866966
1432 6.570982
1433 5.585711
1434 7.569043
1435 3.798983
1436 4.144028
1437 4.144028
1438 2.333367
1439 1.258108
1440 0.173206
1441 0.003634
1442 0.015208
1443 0.648770
1444 1.207008
1445 1.116400
1446 0.602768
1447 0.617725
1448 0.006136
1449 0.001662
1450 0.341218
1451 1.135954
1452 0.318015
1453 0.838656
1454 1.473594
1455 0.066188
1456 0.567482
1457 2.551271
1458 5.594553
1459 6.869739
1460 6.152175
1461 2.799129
1462 7.021261
1463 4.308243
1464 3.094645
1465 1.259028
1466 1.259028
1467 2.176789
1468 5.305773
1469 9.527439
1470 15.086153
1471 18.451308
1472 13.740049
1473 11.671114
1474 18.534931
1475 12.325781
1476 17.858669
1477 16.753954
1478 20.942643
1479 13.684515
1480 18.019600
1481 12.677854
1482 16.670849
1483 14.626854
1484 9.183532
1485 9.389593
1486 4.990392
1487 2.627831
1488 1.145601
1489 4.276763
1490 1.691382
1491 1.467804
1492 0.506754
1493 0.259897
1494 0.028154
1495 0.232164
1496 0.263975
1497 1.386719
1498 1.386719
1499 0.079714
1500 0.000368
1501 0.147515
1502 1.213400
1503 2.428001
1504 3.228648
1505 3.228648
1506 1.696702
1507 4.503069
1508 1.388876
1509 4.001072
1510 7.976291
1511 5.947175
1512 6.074809
1513 5.902655
1514 10.538944
1515 10.538944
1516 6.580459
1517 3.020064
1518 0.862093
1519 0.020338
1520 0.334501
1521 2.448563
1522 4.277643
1523 5.839638
1524 2.479903
1525 3.656513
1526 2.484309
1527 3.003523
1528 2.112657
1529 2.051078
1530 5.343315
1531 10.246310
1532 14.223538
1533 17.893651
1534 10.655495
1535 9.917674
1536 13.612595
1537 14.040578
1538 10.984247
1539 7.882343
1540 9.812001
1541 14.280323
1542 22.806552
1543 22.806552
1544 16.874505
1545 13.142081
1546 11.861787
1547 15.470309
1548 20.003752
1549 20.003752
1550 14.667195
1551 20.115138
1552 18.662344
1553 19.659332
1554 18.516450
1555 18.516450
1556 20.478501
1557 14.729953
1558 21.412632
1559 21.412632
1560 23.267124
1561 17.333127
1562 11.251580
1563 5.714852
1564 3.554009
1565 1.983806
1566 0.925553
1567 0.925553
1568 3.231344
1569 1.632765
1570 1.624846
1571 1.467160
1572 1.099748
1573 0.491120
1574 0.084980
1575 0.929182
1576 2.547406
1577 2.547406
1578 5.569226
1579 3.558430
1580 5.951930
1581 2.571602
1582 6.249584
1583 4.535637
1584 1.865150
1585 4.510996
1586 3.439334
1587 1.290538
1588 1.290538
1589 0.184813
1590 0.235265
1591 0.067145
1592 0.474496
1593 0.005980
1594 0.139262
1595 0.007964
1596 0.383273
1597 0.042627
1598 0.311960
1599 0.000954
1600 0.007593
1601 0.052821
1602 0.036282
1603 0.052654
1604 0.672237
1605 0.327743
1606 0.029259
1607 1.358223
1608 0.475221
1609 2.688224
1610 4.445236
1611 9.038129
1612 10.406928
1613 8.635245
1614 7.474294
1615 7.488145
1616 6.127474
1617 7.034970
1618 4.498863
1619 7.336597
1620 11.428665
1621 15.246032
1622 18.580398
1623 19.637575
1624 27.127910
1625 18.781084
1626 16.619223
1627 19.936893
1628 23.815240
1629 25.087876
1630 18.341787
1631 13.184554
1632 17.897202
1633 19.133346
1634 19.133346
1635 26.554776
1636 20.289788
1637 23.726118
1638 15.165168
1639 15.165168
1640 13.169038
1641 14.793226
1642 14.793226
1643 8.205035
1644 6.679721
1645 9.351095
1646 4.693440
1647 7.373187
1648 7.187972
1649 5.563275
1650 8.110294
1651 8.258732
1652 4.409930
1653 1.611849
1654 3.842482
1655 1.024981
1656 2.196374
1657 0.784095
1658 0.520739
1659 0.361079
1660 0.000766
1661 0.105493
1662 0.026684
1663 0.492042
1664 0.516246
1665 0.323630
1666 1.705644
1667 1.705644
1668 0.293059
1669 1.766624
1670 1.542839
1671 2.307675
1672 6.041829
1673 3.010572
1674 0.711682
1675 0.010021
1676 0.399637
1677 1.341094
1678 0.521618
1679 0.007098
1680 0.150104
1681 0.157593
1682 0.203061
1683 0.524757
1684 2.679985
1685 2.994650
1686 2.378746
1687 3.204677
1688 3.291246
1689 0.795862
1690 2.686767
1691 0.605530
1692 1.344529
1693 0.036118
1694 0.265372
1695 1.918092
1696 5.463212
1697 7.698073
1698 4.364848
1699 2.300874
1700 1.617969
1701 0.188598
1702 0.188598
1703 0.182433
1704 0.797579
1705 0.000426
1706 0.107879
1707 0.000032
1708 0.474405
1709 2.130035
1710 0.244653
1711 0.121814
1712 0.303633
1713 0.033869
1714 0.557295
1715 0.150359
1716 1.411649
1717 0.611161
1718 0.788132
1719 1.278312
1720 0.287615
1721 2.354030
1722 2.354030
1723 1.232310
1724 2.356236
1725 1.433038
1726 0.098722
1727 1.118345
1728 1.118345
1729 3.328543
1730 0.793956
1731 3.291724
1732 3.291724
1733 4.867062
1734 4.143606
1735 4.963015
1736 7.027085
1737 5.733760
1738 4.245521
1739 7.724762
1740 5.969579
1741 7.535675
1742 5.933812
1743 10.979929
1744 12.135621
1745 9.821511
1746 9.285861
1747 6.673112
1748 4.136110
1749 3.914611
1750 1.642023
1751 0.085934
1752 0.092753
1753 0.604595
1754 0.036828
1755 0.003220
1756 0.050136
1757 1.361606
1758 2.250014
1759 5.159098
1760 10.222439
1761 4.842267
1762 3.329016
1763 5.467603
1764 4.345886
1765 4.265084
1766 1.458348
1767 0.171612
1768 0.065289
1769 0.000699
1770 0.415029
1771 0.005112
1772 0.087794
1773 0.323953
1774 0.001285
1775 0.066328
1776 0.074313
1777 0.571711
1778 0.108965
1779 0.021532
1780 0.070023
1781 0.560169
1782 0.512387
1783 1.446964
1784 0.467853
1785 0.233792
1786 0.010460
1787 0.129135
1788 0.000392
1789 0.596058
1790 0.004041
1791 0.540421
1792 1.944488
1793 4.505427
1794 9.346052
1795 12.855116
1796 9.927679
1797 10.002077
1798 10.903256
1799 5.558656
1800 8.079378
1801 8.654593
1802 7.514191
1803 6.292386
1804 5.961777
1805 9.244830
1806 5.931039
1807 3.905224
1808 7.719908
1809 6.201443
1810 2.509361
1811 5.965097
1812 10.211205
1813 9.552591
1814 6.995165
1815 8.863600
1816 4.241797
1817 3.446899
1818 7.973218
1819 12.662918
1820 12.117977
1821 18.246322
1822 12.294900
1823 11.535095
1824 11.831540
1825 11.831540
1826 9.441653
1827 8.476127
1828 5.211164
1829 6.034960
1830 4.059121
1831 8.411982
1832 5.367149
1833 5.614083
1834 5.614083
1835 5.815070
1836 7.623433
1837 13.724051
1838 8.545027
1839 12.971094
1840 14.007944
1841 14.116522
1842 9.709199
1843 4.725411
1844 2.509015
1845 0.359925
1846 0.133695
1847 0.103961
1848 0.218864
1849 1.564496
1850 1.655981
1851 4.229197
1852 3.614410
1853 4.764977
1854 4.324811
1855 1.740555
1856 3.913598
1857 4.382917
1858 1.752841
1859 1.489913
1860 0.066412
1861 1.133987
1862 0.400864
1863 0.181343
1864 0.037900
1865 0.970602
1866 0.000253
1867 0.676280
1868 0.803324
1869 2.565374
1870 0.575026
1871 0.182883
1872 0.674446
1873 0.016665
1874 0.336577
1875 0.112892
1876 0.099989
1877 0.033044
1878 0.588224
1879 0.588224
1880 2.694948
1881 6.122082
1882 6.617391
1883 8.106622
1884 8.422358
1885 7.030483
1886 6.314593
1887 6.314593
1888 9.213226
1889 9.919842
1890 5.587525
1891 3.503041
1892 0.879254
1893 0.040628
1894 0.066744
1895 0.587349
1896 0.038710
1897 0.010719
1898 0.083789
1899 0.106607
1900 0.470179
1901 0.863906
1902 3.494845
1903 5.816913
1904 8.070670
1905 3.476661
1906 6.022940
1907 3.823636
1908 1.000253
1909 3.443186
1910 7.215029
1911 5.964390
1912 5.964390
1913 5.964390
1914 9.144844
1915 8.936573
1916 7.602018
1917 7.602018
1918 3.371632
1919 3.826661
1920 5.193749
1921 5.884328
1922 5.518598
1923 1.907220
1924 1.214110
1925 1.214110
1926 0.169990
1927 0.009685
1928 0.118891
1929 0.645190
1930 2.616605
1931 6.162830
1932 10.906531
1933 6.208355
1934 2.992283
1935 2.137244
1936 2.841649
1937 2.745760
1938 3.528430
1939 7.451487
1940 3.233958
1941 1.609400
1942 1.291444
1943 0.833964
1944 2.131923
1945 0.266323
1946 1.813200
1947 4.376768
1948 1.731049
1949 2.910669
1950 2.404768
1951 3.081644
1952 2.146333
1953 3.676815
1954 3.637247
1955 6.496257
1956 10.696433
1957 6.313820
1958 4.865600
1959 1.670801
1960 3.710094
1961 1.055806
1962 2.991757
1963 2.886021
1964 1.387151
1965 0.546678
1966 2.385421
1967 0.877164
1968 0.272567
1969 0.039006
1970 0.114896
1971 1.019612
1972 2.767403
1973 2.299620
1974 0.774080
1975 0.043184
1976 0.353234
1977 2.445921
1978 2.685442
1979 1.080023
1980 3.265641
1981 0.707591
1982 0.023550
1983 0.031196
1984 0.031196
1985 0.369922
1986 0.035802
1987 0.003687
1988 0.608469
1989 0.561839
1990 0.004567
1991 0.067416
1992 1.478793
1993 3.214353
1994 3.214353
1995 0.977521
1996 0.303542
1997 2.031625
1998 4.253445
1999 3.301677
2000 4.937088
2001 4.042894
2002 7.441299
2003 5.075262
2004 5.276201
2005 4.149873
2006 3.880406
2007 1.999416
2008 3.625965
2009 2.997278
2010 1.567352
2011 1.644825
2012 2.263405
2013 1.875403
2014 1.364722
2015 3.859259
2016 2.782407
2017 7.076537
2018 5.009254
2019 2.510358
2020 0.736021
2021 1.311704
2022 3.325905
2023 7.362450
2024 10.800197
2025 7.431723
2026 3.786160
2027 4.412386
2028 3.113063
2029 1.986238
2030 0.990566
2031 2.208669
2032 4.421175
2033 2.220816
2034 1.196219
2035 0.219709
2036 0.429119
2037 0.010879
2038 0.988432
2039 1.166182
2040 0.669221
2041 1.385952
2042 4.065721
2043 2.856771
2044 5.851437
2045 2.774861
2046 0.654811
2047 0.465345
2048 0.022102
2049 0.199667
2050 0.333119
2051 0.166921
2052 0.000886
2053 0.019189
2054 0.533257
2055 0.460867
2056 1.375056
2057 0.520549
2058 0.586779
2059 0.005930
2060 0.777601
2061 1.691649
2062 2.264934
2063 4.272381
2064 8.514237
2065 4.847044
2066 4.847044
2067 4.847044
2068 1.468894
2069 0.807906
2070 0.133271
2071 0.295988
2072 0.812739
2073 3.370657
2074 6.328506
2075 7.258251
2076 4.695057
2077 3.142459
2078 1.341557
2079 0.347834
2080 1.334571
2081 1.407483
2082 2.466368
2083 3.499766
2084 6.722130
2085 6.427609
2086 12.341557
2087 14.938037
2088 8.720175
2089 14.221512
2090 8.554492
2091 9.612649
2092 4.789558
2093 4.951803
2094 4.951803
2095 9.191801
2096 8.139090
2097 4.182028
2098 2.147577
2099 0.725962
2100 3.416955
2101 4.019510
2102 1.101684
2103 0.256320
2104 0.014854
2105 0.014854
2106 0.462453
2107 1.258554
2108 3.439086
2109 2.504963
2110 2.197740
2111 4.691447
2112 3.857220
2113 7.483268
2114 4.458497
2115 5.756829
2116 2.502192
2117 3.454387
2118 1.520739
2119 1.520739
2120 0.365098
2121 0.567097
2122 2.264029
2123 2.264029
2124 2.145975
2125 0.232441
2126 1.981029
2127 3.483864
2128 1.700009
2129 1.671067
2130 3.446143
2131 2.337014
2132 2.337014
2133 0.946059
2134 0.145007
2135 0.011693
2136 0.388897
2137 0.100601
2138 0.106076
2139 0.155108
2140 1.685497
2141 4.634701
2142 5.492658
2143 7.532342
2144 3.072624
2145 4.713095
2146 3.549659
2147 3.101652
2148 1.166366
2149 1.513895
2150 4.464427
2151 2.726528
2152 4.005071
2153 3.934251
2154 7.516831
2155 6.030273
2156 7.716305
2157 12.252223
2158 11.530938
2159 7.974753
2160 6.715700
2161 3.709740
2162 1.461376
2163 0.160556
2164 0.857666
2165 2.306732
2166 3.452576
2167 2.030380
2168 0.227834
2169 1.863724
2170 2.458650
2171 1.785322
2172 1.785322
2173 0.206441
2174 0.054131
2175 0.001737
2176 0.842852
2177 3.634319
2178 4.753849
2179 1.542464
2180 0.169175
2181 0.202177
2182 0.894330
2183 0.855135
2184 3.592452
2185 5.206298
2186 4.794431
2187 2.449875
2188 0.784331
2189 0.549239
2190 0.052364
2191 0.440381
2192 0.158025
2193 0.004116
2194 1.053621
2195 0.330500
2196 1.498707
2197 0.803281
2198 0.009782
2199 0.077306
2200 0.042741
