0 150.375372
1 149.664876
59 147.894980
60 144.719014
74 141.569790
75 140.972476
79 140.032097
87 139.116017
90 133.613267
98 131.028048
100 129.874904
169 128.260794
170 127.107418
271 126.831406
279 126.462309
280 124.095648
281 122.611464
304 121.618922
901 118.245000
2989 116.711260
8864 110.602215
12126 109.740823
63846 108.496860
107487 105.233869
107489 102.699032
107490 102.008890
343001 97.750398
456805 97.232173
456806 96.646386
456807 92.605291
483587 91.966068
483618 90.237889
483620 88.539249
488138 81.159041
488141 79.996763
488173 78.171967
488178 77.889466
490889 75.076863
490956 72.827085
492892 71.028369
492925 69.717822
492956 68.343952
492964 68.054832
493102 67.569425
493108 67.569425
493129 67.292649
493158 67.027719
494995 66.760351
495000 65.931924
495391 64.723097
497656 63.667706
497726 63.593916
497745 62.513553
497862 61.914621
497999 60.702639
498093 59.174775
498226 59.057554
498234 58.909973
498236 58.731828
498401 56.805618
498441 56.407273
498592 55.349350
498604 54.365218
499361 53.740260
